{
  "camera_angle_x": 0.6170639189883963,
  "camera_angle_y": 1.0322094192445812,
  "fl_x": 1694.3324537054207,
  "fl_y": 1691.9249850369092,
  "k1": 0.09937478928443737,
  "k2": -0.266933612679667,
  "k3": 0,
  "k4": 0,
  "p1": 0.0010544577894670375,
  "p2": -0.0012244458805135755,
  "is_fisheye": false,
  "cx": 536.4310494351491,
  "cy": 980.2142602278784,
  "w": 1080.0,
  "h": 1920.0,
  "aabb_scale": 1,
  "frames": [
    {
      "file_path": "./images/0002.jpg",
      "sharpness": 14.060927124514386,
      "transform_matrix": [
        [
          0.815439922947537,
          0.135058314605982,
          0.5628649781811333,
          2.3299619015520157
        ],
        [
          0.5767846440302159,
          -0.10768003370556227,
          -0.8097681672872548,
          -3.5868427412140305
        ],
        [
          -0.04875660407316663,
          0.9849691680153674,
          -0.16570616030118415,
          -1.0607208453917787
        ],
        [
          0.0,
          0.0,
          0.0,
          1.0
        ]
      ]
    },
    {
      "file_path": "./images/0024.jpg",
      "sharpness": 11.492740158461066,
      "transform_matrix": [
        [
          0.4232856533556175,
          0.17715675042432447,
          0.8885070294522959,
          3.6473351694645624
        ],
        [
          0.9059743558337439,
          -0.08958865701906078,
          -0.41374429193018125,
          -1.8385265012295433
        ],
        [
          0.006302557255662266,
          0.980096606593621,
          -0.19842106606684232,
          -0.7624615631097338
        ],
        [
          0.0,
          0.0,
          0.0,
          1.0
        ]
      ]
    },
    {
      "file_path": "./images/0009.jpg",
      "sharpness": 20.472676250841843,
      "transform_matrix": [
        [
          0.7546822318806476,
          -0.052998189409166195,
          0.653946420394466,
          2.7679998453627777
        ],
        [
          0.6532183460255319,
          0.1538574174638921,
          -0.7413728397416942,
          -2.7156668824345864
        ],
        [
          -0.06132308921820759,
          0.9866707084713455,
          0.15073284883124596,
          0.6601311698295708
        ],
        [
          0.0,
          0.0,
          0.0,
          1.0
        ]
      ]
    },
    {
      "file_path": "./images/0016.jpg",
      "sharpness": 34.39053432165076,
      "transform_matrix": [
        [
          0.5991505730522886,
          0.18559170994906868,
          0.7788288052923033,
          3.327799049331446
        ],
        [
          0.7983804386690132,
          -0.06552220301963699,
          -0.5985779114382527,
          -2.4365691684374005
        ],
        [
          -0.060060519023663966,
          0.9804399818720037,
          -0.18743045628933377,
          -0.5914526239349628
        ],
        [
          0.0,
          0.0,
          0.0,
          1.0
        ]
      ]
    },
    {
      "file_path": "./images/0013.jpg",
      "sharpness": 28.318937325685347,
      "transform_matrix": [
        [
          0.6229818088809681,
          -0.005386930513649746,
          0.7822177744891632,
          3.1959375841937527
        ],
        [
          0.7808053692464654,
          0.0647398211786017,
          -0.6214110804526316,
          -2.367578252426884
        ],
        [
          -0.047293140532341904,
          0.9978876372002167,
          0.04453787517329101,
          0.5202049741188426
        ],
        [
          0.0,
          0.0,
          0.0,
          1.0
        ]
      ]
    },
    {
      "file_path": "./images/0015.jpg",
      "sharpness": 42.88811305081692,
      "transform_matrix": [
        [
          0.6065069178796834,
          0.1368086039519323,
          0.7832194867293276,
          3.3014933543647134
        ],
        [
          0.7930276350392241,
          -0.03338855285651742,
          -0.6082699849588966,
          -2.5137874019408315
        ],
        [
          -0.05706600223717294,
          0.9900346510937355,
          -0.12874339193048806,
          -0.21619156925766134
        ],
        [
          0.0,
          0.0,
          0.0,
          1.0
        ]
      ]
    },
    {
      "file_path": "./images/0005.jpg",
      "sharpness": 58.275981310789376,
      "transform_matrix": [
        [
          0.8168342498180681,
          0.0479313080317468,
          0.5748777243712445,
          2.557184455440378
        ],
        [
          0.5696722185529758,
          0.0899360752455077,
          -0.8169363902887534,
          -3.422299512242249
        ],
        [
          -0.09085907604129208,
          0.9947934921498475,
          0.04615773197015434,
          0.2316416927911589
        ],
        [
          0.0,
          0.0,
          0.0,
          1.0
        ]
      ]
    },
    {
      "file_path": "./images/0003.jpg",
      "sharpness": 84.63490449323591,
      "transform_matrix": [
        [
          0.8224052633791327,
          0.11591268507124157,
          0.5569684301193522,
          2.469191407988859
        ],
        [
          0.5645130026031465,
          -0.04489356563106762,
          -0.8242024251702746,
          -3.7080948990747307
        ],
        [
          -0.07053121737171984,
          0.9922443333917159,
          -0.10235492255620611,
          -0.565904985920555
        ],
        [
          0.0,
          0.0,
          0.0,
          1.0
        ]
      ]
    },
    {
      "file_path": "./images/0014.jpg",
      "sharpness": 72.65941628622166,
      "transform_matrix": [
        [
          0.6136453276757231,
          0.06029053358671863,
          0.7872766116971367,
          3.2867003152299357
        ],
        [
          0.7878467061853176,
          0.01931111780676975,
          -0.6155685569306252,
          -2.456076213399444
        ],
        [
          -0.05231614815155171,
          0.9979940542068919,
          -0.03564952108613189,
          0.19412792529636008
        ],
        [
          0.0,
          0.0,
          0.0,
          1.0
        ]
      ]
    },
    {
      "file_path": "./images/0010.jpg",
      "sharpness": 52.76203772608386,
      "transform_matrix": [
        [
          0.7114481222673446,
          -0.06657109146976926,
          0.6995783437518159,
          2.947693177859067
        ],
        [
          0.7009705985465523,
          0.13779838361778218,
          -0.6997512596953779,
          -2.5499099056278336
        ],
        [
          -0.0498175598677382,
          0.988220570114402,
          0.14470077910980775,
          0.6537797773447936
        ],
        [
          0.0,
          0.0,
          0.0,
          1.0
        ]
      ]
    },
    {
      "file_path": "./images/0017.jpg",
      "sharpness": 62.599379329527345,
      "transform_matrix": [
        [
          0.5892609671406449,
          0.219413738412175,
          0.7775790145986495,
          3.299484311043329
        ],
        [
          0.8058080159596278,
          -0.08968755039378926,
          -0.5853456967632231,
          -2.413804032902083
        ],
        [
          -0.058693730533328846,
          0.9715007743918918,
          -0.2296547219097192,
          -0.8871595242420333
        ],
        [
          0.0,
          0.0,
          0.0,
          1.0
        ]
      ]
    },
    {
      "file_path": "./images/0023.jpg",
      "sharpness": 74.33490882146178,
      "transform_matrix": [
        [
          0.4778137365313003,
          0.1726625824009845,
          0.8613255283366222,
          3.2961489487551567
        ],
        [
          0.8784520130372159,
          -0.08943618912219785,
          -0.4693860126439806,
          -2.185088833011377
        ],
        [
          -0.0040117282379197525,
          0.9809122288245978,
          -0.19440963279194642,
          -0.7006018050638967
        ],
        [
          0.0,
          0.0,
          0.0,
          1.0
        ]
      ]
    },
    {
      "file_path": "./images/0004.jpg",
      "sharpness": 106.85216553284145,
      "transform_matrix": [
        [
          0.8227849140232214,
          0.08617441429062239,
          0.5617819465960163,
          2.5503687276291505
        ],
        [
          0.562305954505619,
          0.020377372545815384,
          -0.8266781575772444,
          -3.5923364997301337
        ],
        [
          -0.08268614605137034,
          0.9960716505117656,
          -0.03169019156352327,
          -0.061895228745916145
        ],
        [
          0.0,
          0.0,
          0.0,
          1.0
        ]
      ]
    },
    {
      "file_path": "./images/0025.jpg",
      "sharpness": 24.807919023226276,
      "transform_matrix": [
        [
          0.3745525709981123,
          0.2030660955170646,
          0.9046958231106739,
          3.943177916163775
        ],
        [
          0.9271275608376915,
          -0.0946888123534082,
          -0.36258587224257227,
          -1.6089373940526628
        ],
        [
          0.01203567566549039,
          0.9745759024366952,
          -0.22373411193729675,
          -0.9069681264485201
        ],
        [
          0.0,
          0.0,
          0.0,
          1.0
        ]
      ]
    },
    {
      "file_path": "./images/0011.jpg",
      "sharpness": 144.5479198771641,
      "transform_matrix": [
        [
          0.6717045216462175,
          -0.08081126404933882,
          0.7363983807332246,
          3.118695339539364
        ],
        [
          0.7396434312759449,
          0.12913682755090417,
          -0.6604932053701146,
          -2.4095025690036205
        ],
        [
          -0.04172085987955307,
          0.9883284976752815,
          0.14651331160418943,
          0.7792575044513134
        ],
        [
          0.0,
          0.0,
          0.0,
          1.0
        ]
      ]
    },
    {
      "file_path": "./images/0006.jpg",
      "sharpness": 118.06602376446067,
      "transform_matrix": [
        [
          0.8082191426382982,
          0.004850999392449194,
          0.5888618558046103,
          2.5066138606091535
        ],
        [
          0.5820022816281992,
          0.14582320920085942,
          -0.8000055848789969,
          -3.106725915127678
        ],
        [
          -0.08975055219560608,
          0.989298771558852,
          0.11503381640250131,
          0.48003048399855874
        ],
        [
          0.0,
          0.0,
          0.0,
          1.0
        ]
      ]
    },
    {
      "file_path": "./images/0012.jpg",
      "sharpness": 211.8745954404896,
      "transform_matrix": [
        [
          0.645543973728495,
          -0.058410733868459755,
          0.7614861548941734,
          3.1629168314955862
        ],
        [
          0.7623932305406699,
          0.1081013543126151,
          -0.6380208924644966,
          -2.37225627429231
        ],
        [
          -0.04505041608210512,
          0.992422431885094,
          0.11431612592062379,
          0.7493306091683731
        ],
        [
          0.0,
          0.0,
          0.0,
          1.0
        ]
      ]
    },
    {
      "file_path": "./images/0019.jpg",
      "sharpness": 96.36623495159176,
      "transform_matrix": [
        [
          0.5743570328449447,
          0.2550855237729514,
          0.7778466264802921,
          3.178674354142158
        ],
        [
          0.817534360102372,
          -0.13016121487788848,
          -0.5609773865256696,
          -2.3970286659053652
        ],
        [
          -0.04185174857533995,
          0.9581176512553498,
          -0.2833001896178557,
          -1.3959281725007542
        ],
        [
          0.0,
          0.0,
          0.0,
          1.0
        ]
      ]
    },
    {
      "file_path": "./images/0022.jpg",
      "sharpness": 94.51558019365642,
      "transform_matrix": [
        [
          0.5252120390150702,
          0.1961563428430535,
          0.8280549517875079,
          3.1883450002515854
        ],
        [
          0.8508571781487093,
          -0.10510741221088225,
          -0.5147761594040662,
          -2.276508848283914
        ],
        [
          -0.013941895660702556,
          0.9749231359469408,
          -0.22210471063028633,
          -0.9013151734770508
        ],
        [
          0.0,
          0.0,
          0.0,
          1.0
        ]
      ]
    },
    {
      "file_path": "./images/0001.jpg",
      "sharpness": 209.7846924099278,
      "transform_matrix": [
        [
          0.8092516250094479,
          0.14611861976348367,
          0.5690001373652944,
          2.18762599027043
        ],
        [
          0.5866557810622531,
          -0.150275676402515,
          -0.7957714594201388,
          -3.451321390088768
        ],
        [
          -0.030770146781950305,
          0.9777865666824531,
          -0.20733216833321413,
          -1.3936972573747493
        ],
        [
          0.0,
          0.0,
          0.0,
          1.0
        ]
      ]
    },
    {
      "file_path": "./images/0018.jpg",
      "sharpness": 106.16617834615828,
      "transform_matrix": [
        [
          0.579737519259372,
          0.2468154689503597,
          0.7765220750201145,
          3.2673630082301552
        ],
        [
          0.8131271773237577,
          -0.1141526808758755,
          -0.5707831102494205,
          -2.43389080343092
        ],
        [
          -0.052236024402311836,
          0.9623155873618406,
          -0.26687095761523244,
          -1.1364721633190076
        ],
        [
          0.0,
          0.0,
          0.0,
          1.0
        ]
      ]
    },
    {
      "file_path": "./images/0007.jpg",
      "sharpness": 159.89786583388315,
      "transform_matrix": [
        [
          0.7981001198944753,
          -0.019789682201195015,
          0.6021997733697194,
          2.527664066802682
        ],
        [
          0.5965237986384119,
          0.16666150479141728,
          -0.7851008218555839,
          -2.904833971868247
        ],
        [
          -0.08482662465442899,
          0.9858155564018882,
          0.14481758335632758,
          0.6716407207787924
        ],
        [
          0.0,
          0.0,
          0.0,
          1.0
        ]
      ]
    },
    {
      "file_path": "./images/0008.jpg",
      "sharpness": 194.55639996629037,
      "transform_matrix": [
        [
          0.7808091038291664,
          -0.03700393395177873,
          0.6236728727412532,
          2.557684308818882
        ],
        [
          0.6201391615838214,
          0.1672141058496417,
          -0.7664638693863354,
          -2.971322188057544
        ],
        [
          -0.07592472335890942,
          0.9852259393773138,
          0.15350988471221322,
          0.6742255087733298
        ],
        [
          0.0,
          0.0,
          0.0,
          1.0
        ]
      ]
    },
    {
      "file_path": "./images/0021.jpg",
      "sharpness": 184.77080949612125,
      "transform_matrix": [
        [
          0.553230386860442,
          0.22428197776703956,
          0.8022678688860048,
          3.177352031278736
        ],
        [
          0.8327030706263505,
          -0.12198315342513369,
          -0.5401163823191819,
          -2.3372433132841954
        ],
        [
          -0.02327520591254807,
          0.9668597130263381,
          -0.25424507873260815,
          -1.2244321765287316
        ],
        [
          0.0,
          0.0,
          0.0,
          1.0
        ]
      ]
    },
    {
      "file_path": "./images/0020.jpg",
      "sharpness": 203.83828307844996,
      "transform_matrix": [
        [
          0.5676550738211427,
          0.2487064662480784,
          0.7848011281562022,
          3.1396904368442846
        ],
        [
          0.8225998118553801,
          -0.13299197881777705,
          -0.5528496026093159,
          -2.353805567702599
        ],
        [
          -0.03312501601970028,
          0.9594051423463625,
          -0.2800794638963109,
          -1.4050902731952801
        ],
        [
          0.0,
          0.0,
          0.0,
          1.0
        ]
      ]
    },
    {
      "file_path": "./images/0026.jpg",
      "sharpness": 117.72942604112993,
      "transform_matrix": [
        [
          0.3387464595948331,
          0.22665265938218748,
          0.9131699776332385,
          3.83451110275627
        ],
        [
          0.9407330382358985,
          -0.09860816181584696,
          -0.32449619596292434,
          -1.4384480411664362
        ],
        [
          0.01649808714543145,
          0.9689711050191558,
          -0.24662281058712412,
          -1.1193444168325566
        ],
        [
          0.0,
          0.0,
          0.0,
          1.0
        ]
      ]
    },
    {
      "file_path": "./images/0031.jpg",
      "sharpness": 51.650765212729176,
      "transform_matrix": [
        [
          0.31346209165738326,
          0.06605094290534706,
          0.9473007917123442,
          3.476285179795802
        ],
        [
          0.9495892504626067,
          -0.016901227000868192,
          -0.3130408981768727,
          -1.2163419722189341
        ],
        [
          -0.004666100773686725,
          0.9976731034815872,
          -0.06801915933310548,
          -0.35272146281390504
        ],
        [
          0.0,
          0.0,
          0.0,
          1.0
        ]
      ]
    },
    {
      "file_path": "./images/0029.jpg",
      "sharpness": 94.50327015731364,
      "transform_matrix": [
        [
          0.29896519644504904,
          0.1870246279381116,
          0.935757233369278,
          3.5779554088317265
        ],
        [
          0.9542627457351719,
          -0.060193321906352446,
          -0.29284701825270854,
          -1.2466080416066607
        ],
        [
          0.0015567317428965125,
          0.9805093331967831,
          -0.19646634328473414,
          -0.9192663758325811
        ],
        [
          0.0,
          0.0,
          0.0,
          1.0
        ]
      ]
    },
    {
      "file_path": "./images/0030.jpg",
      "sharpness": 67.8789727898734,
      "transform_matrix": [
        [
          0.30487120470230344,
          0.13121299209851953,
          0.9433115599798728,
          3.622939467825557
        ],
        [
          0.9523879385443585,
          -0.03859055888027478,
          -0.3024367426094069,
          -1.2437907073975394
        ],
        [
          -0.003280709620462972,
          0.9906028060798644,
          -0.1367308212309108,
          -0.5578506401349418
        ],
        [
          0.0,
          0.0,
          0.0,
          1.0
        ]
      ]
    },
    {
      "file_path": "./images/0033.jpg",
      "sharpness": 53.866484002145974,
      "transform_matrix": [
        [
          0.32842410985040815,
          -0.043251554526534425,
          0.9435395630516753,
          3.60019291163992
        ],
        [
          0.944492677027832,
          0.02396183553279329,
          -0.3276574636390149,
          -1.1884337845511161
        ],
        [
          -0.00843724517391908,
          0.9987768186198335,
          0.04872042102562117,
          0.15973807119439057
        ],
        [
          0.0,
          0.0,
          0.0,
          1.0
        ]
      ]
    },
    {
      "file_path": "./images/0032.jpg",
      "sharpness": 51.10374356228391,
      "transform_matrix": [
        [
          0.32322337027626674,
          0.010593432068974853,
          0.9462634052144215,
          3.574627326125356
        ],
        [
          0.9462887213727191,
          0.004855475412499116,
          -0.32328637484582706,
          -1.22509559259648
        ],
        [
          -0.008019270948520738,
          0.9999320994442148,
          -0.008455042160377513,
          -0.057016431335642354
        ],
        [
          0.0,
          0.0,
          0.0,
          1.0
        ]
      ]
    },
    {
      "file_path": "./images/0027.jpg",
      "sharpness": 161.72685080417844,
      "transform_matrix": [
        [
          0.316501019160156,
          0.2393450023407581,
          0.9179003620594265,
          3.68430120760758
        ],
        [
          0.9484918760179503,
          -0.0939205785096613,
          -0.30255922735889845,
          -1.3385300799180833
        ],
        [
          0.013793694038415374,
          0.966381340222702,
          -0.2567427491041256,
          -1.1621114145503144
        ],
        [
          0.0,
          0.0,
          0.0,
          1.0
        ]
      ]
    },
    {
      "file_path": "./images/0041.jpg",
      "sharpness": 38.27379129839033,
      "transform_matrix": [
        [
          0.16195931962951138,
          -0.2813436519196436,
          0.9458408577839114,
          3.51038592586661
        ],
        [
          0.9847260991876429,
          -0.015992001971650075,
          -0.17337463900836456,
          -0.527286561306608
        ],
        [
          0.0639037429514107,
          0.959473816912652,
          0.27445638312719434,
          0.9499798722828068
        ],
        [
          0.0,
          0.0,
          0.0,
          1.0
        ]
      ]
    },
    {
      "file_path": "./images/0035.jpg",
      "sharpness": 50.99391063841349,
      "transform_matrix": [
        [
          0.32215682854927785,
          -0.15511356054376368,
          0.9338922641816069,
          3.585610003845777
        ],
        [
          0.9466856792945502,
          0.05164236803018112,
          -0.317992594949167,
          -1.1842053623194768
        ],
        [
          0.0010965556217104495,
          0.9865459183956687,
          0.1634807279345469,
          0.5408919666455315
        ],
        [
          0.0,
          0.0,
          0.0,
          1.0
        ]
      ]
    },
    {
      "file_path": "./images/0034.jpg",
      "sharpness": 70.58381431934977,
      "transform_matrix": [
        [
          0.328465244188013,
          -0.09498779371794595,
          0.9397275681541152,
          3.6091720718594833
        ],
        [
          0.9445014044658585,
          0.03857450619607548,
          -0.32623473823828614,
          -1.2159417547486358
        ],
        [
          -0.005261208880977456,
          0.9947307808948986,
          0.10238648917083902,
          0.3646664744140897
        ],
        [
          0.0,
          0.0,
          0.0,
          1.0
        ]
      ]
    },
    {
      "file_path": "./images/0044.jpg",
      "sharpness": 74.12161164249159,
      "transform_matrix": [
        [
          0.06788916166510349,
          -0.20463859405117293,
          0.9764804695931761,
          3.7121698356971886
        ],
        [
          0.9951611364100921,
          -0.05579181078713227,
          -0.08088007435531053,
          -0.317591729018027
        ],
        [
          0.07103079829969763,
          0.9772462942459987,
          0.19986071654721213,
          0.708316936985835
        ],
        [
          0.0,
          0.0,
          0.0,
          1.0
        ]
      ]
    },
    {
      "file_path": "./images/0028.jpg",
      "sharpness": 195.68523101648597,
      "transform_matrix": [
        [
          0.30263554104604157,
          0.23189001480667082,
          0.9244667383267355,
          3.6350174508257638
        ],
        [
          0.9530818218164814,
          -0.08058883333410723,
          -0.2917884179752131,
          -1.2852706284024935
        ],
        [
          0.006838875333251776,
          0.9693979889180827,
          -0.24539920295132955,
          -1.1062674540858939
        ],
        [
          0.0,
          0.0,
          0.0,
          1.0
        ]
      ]
    },
    {
      "file_path": "./images/0039.jpg",
      "sharpness": 45.99171838893438,
      "transform_matrix": [
        [
          0.24872978502742862,
          -0.26756317343621905,
          0.9308831517460666,
          3.4069968352953386
        ],
        [
          0.9679602898749934,
          0.034489292326848005,
          -0.24872347283593002,
          -1.0617312735802267
        ],
        [
          0.034443740557351006,
          0.9629228613336261,
          0.2675690411854006,
          0.7879331036744129
        ],
        [
          0.0,
          0.0,
          0.0,
          1.0
        ]
      ]
    },
    {
      "file_path": "./images/0036.jpg",
      "sharpness": 88.52117806255616,
      "transform_matrix": [
        [
          0.3104385211303197,
          -0.20433347659816528,
          0.9283726379441976,
          3.4772071170831613
        ],
        [
          0.9505579501577749,
          0.05828606377016343,
          -0.3050283891077725,
          -1.1466470778785887
        ],
        [
          0.008216324429838726,
          0.9771645537241834,
          0.2123250501030806,
          0.6287541253634841
        ],
        [
          0.0,
          0.0,
          0.0,
          1.0
        ]
      ]
    },
    {
      "file_path": "./images/0040.jpg",
      "sharpness": 118.63465852175233,
      "transform_matrix": [
        [
          0.20482296753149729,
          -0.27541784464373353,
          0.9392510648208672,
          3.4676020192652666
        ],
        [
          0.9775877158375074,
          0.00983686927033671,
          -0.21029858260629536,
          -0.8165536457942557
        ],
        [
          0.0486806924163906,
          0.961274282813267,
          0.2712599184013265,
          0.8610924233080599
        ],
        [
          0.0,
          0.0,
          0.0,
          1.0
        ]
      ]
    },
    {
      "file_path": "./images/0043.jpg",
      "sharpness": 49.98140011352949,
      "transform_matrix": [
        [
          0.09308824848368412,
          -0.24624908738512027,
          0.9647258496070148,
          3.5143049651968257
        ],
        [
          0.992673661721814,
          -0.052008290249382694,
          -0.1090602543037308,
          -0.36930480955114203
        ],
        [
          0.07702973008972677,
          0.9678101697394033,
          0.2396036226242961,
          0.8860529816292156
        ],
        [
          0.0,
          0.0,
          0.0,
          1.0
        ]
      ]
    },
    {
      "file_path": "./images/0037.jpg",
      "sharpness": 84.78575660217658,
      "transform_matrix": [
        [
          0.298393016140227,
          -0.23419921837173172,
          0.9252633862725517,
          3.4381105154011333
        ],
        [
          0.9543140102887355,
          0.05726629175503774,
          -0.2932666731746237,
          -1.130004640940138
        ],
        [
          0.015696422603436816,
          0.9705005398690802,
          0.24058745681076643,
          0.7465884841085247
        ],
        [
          0.0,
          0.0,
          0.0,
          1.0
        ]
      ]
    },
    {
      "file_path": "./images/0042.jpg",
      "sharpness": 231.80769901069442,
      "transform_matrix": [
        [
          0.12722013482220895,
          -0.27327288202263145,
          0.9534867430597058,
          3.4923883180459185
        ],
        [
          0.9890229367539307,
          -0.03789087043531045,
          -0.14282126071400686,
          -0.4123030171823688
        ],
        [
          0.07515762017248374,
          0.9611899988203645,
          0.26545266666792217,
          0.9991450088656634
        ],
        [
          0.0,
          0.0,
          0.0,
          1.0
        ]
      ]
    },
    {
      "file_path": "./images/0038.jpg",
      "sharpness": 199.55206010443763,
      "transform_matrix": [
        [
          0.27717622212022314,
          -0.25476704214841955,
          0.9264270592280037,
          3.4322887814968746
        ],
        [
          0.9605149485891152,
          0.0492126411910578,
          -0.27384146779387314,
          -1.095573093172093
        ],
        [
          0.02417385831195214,
          0.9657493826689137,
          0.2583481263572856,
          0.7873686451044735
        ],
        [
          0.0,
          0.0,
          0.0,
          1.0
        ]
      ]
    },
    {
      "file_path": "./images/0047.jpg",
      "sharpness": 161.28920481801998,
      "transform_matrix": [
        [
          0.01429454411321116,
          -0.07213169216461558,
          0.9972926776718085,
          3.9778960522813933
        ],
        [
          0.9990323578749694,
          -0.040459004489670984,
          -0.017245778443937154,
          -0.25412277104049963
        ],
        [
          0.04159343610529694,
          0.9965741758066421,
          0.07148355147627306,
          0.2523492767924776
        ],
        [
          0.0,
          0.0,
          0.0,
          1.0
        ]
      ]
    },
    {
      "file_path": "./images/0048.jpg",
      "sharpness": 54.712739168056174,
      "transform_matrix": [
        [
          -0.0004128613402782316,
          -0.02796902786358213,
          0.9996087049288943,
          4.015924420935952
        ],
        [
          0.9991384889812294,
          -0.041493612139986084,
          -0.0007483231491634407,
          -0.25995055991487903
        ],
        [
          0.04149830576508324,
          0.9987472220614406,
          0.027962063346214254,
          0.08786477997939839
        ],
        [
          0.0,
          0.0,
          0.0,
          1.0
        ]
      ]
    },
    {
      "file_path": "./images/0046.jpg",
      "sharpness": 215.20530829781535,
      "transform_matrix": [
        [
          0.02824630888120094,
          -0.11182735517975227,
          0.9933261239954533,
          3.906839973845723
        ],
        [
          0.9983920141866339,
          -0.045702887754532774,
          -0.03353553427196781,
          -0.24608684757784796
        ],
        [
          0.04914806245078341,
          0.9926761247395648,
          0.11035660049479952,
          0.3960161359080271
        ],
        [
          0.0,
          0.0,
          0.0,
          1.0
        ]
      ]
    },
    {
      "file_path": "./images/0049.jpg",
      "sharpness": 152.11720582092778,
      "transform_matrix": [
        [
          -0.01967579954937022,
          0.01801469653559006,
          0.9996441034511057,
          4.087328170862561
        ],
        [
          0.998952234167854,
          -0.0409665197906254,
          0.020400443792987458,
          -0.18870851404176434
        ],
        [
          0.04131944775173374,
          0.9989981055579924,
          -0.017189772320448028,
          -0.15038471956628546
        ],
        [
          0.0,
          0.0,
          0.0,
          1.0
        ]
      ]
    },
    {
      "file_path": "./images/0045.jpg",
      "sharpness": 115.69170660897723,
      "transform_matrix": [
        [
          0.0475719562250124,
          -0.1589645163968565,
          0.9861375114310278,
          3.7894046063827895
        ],
        [
          0.9971440738812641,
          -0.05041698476874528,
          -0.05623009487771994,
          -0.26574909815208936
        ],
        [
          0.058656669732892595,
          0.9859961511675179,
          0.15611209089011058,
          0.5379663479726128
        ],
        [
          0.0,
          0.0,
          0.0,
          1.0
        ]
      ]
    },
    {
      "file_path": "./images/0051.jpg",
      "sharpness": 62.005215055069684,
      "transform_matrix": [
        [
          -0.05601528645836267,
          0.0860850729597374,
          0.9947118416105467,
          4.075319339164184
        ],
        [
          0.9975323727585369,
          -0.0374089327073562,
          0.059411590216669356,
          -0.1207615329502079
        ],
        [
          0.042325559424475294,
          0.995585220817716,
          -0.08377717500691455,
          -0.6422553716807422
        ],
        [
          0.0,
          0.0,
          0.0,
          1.0
        ]
      ]
    },
    {
      "file_path": "./images/0050.jpg",
      "sharpness": 77.84886236351765,
      "transform_matrix": [
        [
          -0.03804202917189544,
          0.059634741175149227,
          0.9974951135745973,
          4.127602276879816
        ],
        [
          0.9984571600871613,
          -0.03813752252460092,
          0.04035875178965981,
          -0.13198590368124496
        ],
        [
          0.04044877607925898,
          0.9974914671134367,
          -0.05809190557184775,
          -0.39080010951298666
        ],
        [
          0.0,
          0.0,
          0.0,
          1.0
        ]
      ]
    },
    {
      "file_path": "./images/0055.jpg",
      "sharpness": 76.50973811490243,
      "transform_matrix": [
        [
          -0.20681335337869144,
          0.10130591658584803,
          0.9731214456956043,
          3.68445777860565
        ],
        [
          0.9770971407301487,
          -0.029539487056832864,
          0.21073347214204127,
          0.7158915139207721
        ],
        [
          0.05009405590051956,
          0.9944166782151943,
          -0.09287656105976909,
          -0.8120792340935526
        ],
        [
          0.0,
          0.0,
          0.0,
          1.0
        ]
      ]
    },
    {
      "file_path": "./images/0057.jpg",
      "sharpness": 82.55484324229096,
      "transform_matrix": [
        [
          -0.23060885953939123,
          0.05649177107186193,
          0.9714052880476032,
          3.711198544421096
        ],
        [
          0.9720044602232626,
          -0.032815934495377966,
          0.23265950173790997,
          0.8538399795174844
        ],
        [
          0.045020919610905444,
          0.9978636150235157,
          -0.04734260821906294,
          -0.5669163638064768
        ],
        [
          0.0,
          0.0,
          0.0,
          1.0
        ]
      ]
    },
    {
      "file_path": "./images/0053.jpg",
      "sharpness": 90.13907935244546,
      "transform_matrix": [
        [
          -0.12000136093628981,
          0.10461197664920255,
          0.9872466802470021,
          3.990099104816968
        ],
        [
          0.9915990253677831,
          -0.035731597428796426,
          0.12431663538924446,
          -0.02009055351415461
        ],
        [
          0.04828090989994864,
          0.9938710113642366,
          -0.09944529376726342,
          -0.712400530965062
        ],
        [
          0.0,
          0.0,
          0.0,
          1.0
        ]
      ]
    },
    {
      "file_path": "./images/0056.jpg",
      "sharpness": 126.02588908881464,
      "transform_matrix": [
        [
          -0.23260109804936274,
          0.08793990085812857,
          0.9685883041659313,
          3.6444878191689645
        ],
        [
          0.9714822069434066,
          -0.026129259369591325,
          0.2356683758946402,
          0.8371036120066374
        ],
        [
          0.046033148633475074,
          0.9957830263592942,
          -0.0793543545434557,
          -0.7536598207706682
        ],
        [
          0.0,
          0.0,
          0.0,
          1.0
        ]
      ]
    },
    {
      "file_path": "./images/0058.jpg",
      "sharpness": 78.78965643720771,
      "transform_matrix": [
        [
          -0.21737425105564878,
          0.019374810382847153,
          0.9758960250171969,
          3.8226161497226814
        ],
        [
          0.9746313855161047,
          -0.05029823746920918,
          0.21809114992154555,
          0.8640001031580826
        ],
        [
          0.05331132468747933,
          0.9985462953582313,
          -0.007949756588257672,
          -0.19103345995201534
        ],
        [
          0.0,
          0.0,
          0.0,
          1.0
        ]
      ]
    },
    {
      "file_path": "./images/0062.jpg",
      "sharpness": 225.572212965299,
      "transform_matrix": [
        [
          -0.12270644515145153,
          -0.2125939055523252,
          0.9694054670694012,
          3.7372294897426457
        ],
        [
          0.986380116470559,
          -0.13392942106096375,
          0.0954839044313479,
          0.41394138768151584
        ],
        [
          0.10953261681749286,
          0.9679187679970643,
          0.22613240447921626,
          0.6996171831615611
        ],
        [
          0.0,
          0.0,
          0.0,
          1.0
        ]
      ]
    },
    {
      "file_path": "./images/0054.jpg",
      "sharpness": 115.55586997784674,
      "transform_matrix": [
        [
          -0.16712296317242037,
          0.09939692206263678,
          0.9809129252939248,
          3.866821535464841
        ],
        [
          0.9847938662147478,
          -0.031046903000899392,
          0.1709301930014581,
          0.36044270130758066
        ],
        [
          0.04744424351584638,
          0.9945633924702596,
          -0.09269682874107311,
          -0.7009431584700401
        ],
        [
          0.0,
          0.0,
          0.0,
          1.0
        ]
      ]
    },
    {
      "file_path": "./images/0059.jpg",
      "sharpness": 160.1032639817078,
      "transform_matrix": [
        [
          -0.19656747356030885,
          -0.029958688891068213,
          0.9800325021354072,
          3.7665924069374435
        ],
        [
          0.9778876755780713,
          -0.0787694393075151,
          0.19372937150403863,
          0.7849693927266588
        ],
        [
          0.07139273272639544,
          0.9964425986151296,
          0.04477974232149344,
          0.03600648789081702
        ],
        [
          0.0,
          0.0,
          0.0,
          1.0
        ]
      ]
    },
    {
      "file_path": "./images/0071.jpg",
      "sharpness": 33.2556530866316,
      "transform_matrix": [
        [
          0.03941909531247205,
          -0.21708718651863496,
          0.9753559803056066,
          3.9558924396988426
        ],
        [
          0.9976100060822595,
          -0.04688607351439961,
          -0.05075403308713251,
          -0.2639294826014508
        ],
        [
          0.05674866244267727,
          0.9750255635127986,
          0.21472014286254426,
          0.8640120903187487
        ],
        [
          0.0,
          0.0,
          0.0,
          1.0
        ]
      ]
    },
    {
      "file_path": "./images/0052.jpg",
      "sharpness": 169.26624034076983,
      "transform_matrix": [
        [
          -0.07978569264779116,
          0.10086608258269374,
          0.9916956572340501,
          4.005197021064308
        ],
        [
          0.9957951065620194,
          -0.036861990251646444,
          0.08386476865452704,
          -0.10938415122369795
        ],
        [
          0.04501498633044773,
          0.9942168913283209,
          -0.0975008920293233,
          -0.7440276149605533
        ],
        [
          0.0,
          0.0,
          0.0,
          1.0
        ]
      ]
    },
    {
      "file_path": "./images/0066.jpg",
      "sharpness": 375.07900312035207,
      "transform_matrix": [
        [
          -0.06727185280478883,
          -0.3182326696444933,
          0.945622792520829,
          3.585845923488902
        ],
        [
          0.9926457937455945,
          -0.11694935024554075,
          0.031259840626233604,
          0.10849242746939133
        ],
        [
          0.10064206862753704,
          0.9407713948630734,
          0.3237597204303713,
          1.097325870724535
        ],
        [
          0.0,
          0.0,
          0.0,
          1.0
        ]
      ]
    },
    {
      "file_path": "./images/0065.jpg",
      "sharpness": 354.45512406662806,
      "transform_matrix": [
        [
          -0.08100466388002141,
          -0.30742798732994714,
